90630
90869
90928
91062
90394	
89674	
86763	
89772	
89419	
90928	
90925	
90866
90864
89419
88875
85791
86249
86615
86134
86086
86056
86044
85992
85979
85992
85964
85992
85979
85976
85979
85898
74999
75257
75323
75878
85791
84494
83439
83158
83374
83158
79027
78553
77785
77951
77710
77426
76927
76677
76565
76537
76464
76358
74656
79289
79341
79371
79468
80645
80874
81449
73651
73722
739687401074148741817439074656749997532375878763587646476537765657667776927774267771077785779517855379027792897934179371794688064580648808748144983158833748343984494857918589885976859798599286044860568608686134862498661586763888758941989674897729039490630908649086690928910629166291804
72351
71922
92187
92077
91907
72832
72521