71916
72034
72047
72762
73174
73656
74211
74251
74507
74644
74749
74892
74952
74980
75158
75193
75287
75677
75771
75942
76009
76018
76197
76249
76394
76398
76570
76668
77044
77080
77146
77739
77835
77908
78237
78247
78249
78731
78777
78997
79173
79175
79344
79367
79491
79549
80055
80149
80389
80660
80690
80695
81296
81463
81516
81704
82190
82321
82339
82346
82602
82741
82778
82786
83308
83352
83656
84143
84185
84312
84575
84591
84595
84775
85298
85376
89616
89695
89898
90008
90532
90569
90657
91076
89346
90532
85438
89972
90609
77352
77373
78988
78995
79177
82209
82647
85493
85899
85900
85901
85981
86055
86762
87103
87250
87332
87802
88088
88343
88505
88631
89014
89071
89118
89465
89556
89691
91245
91268
912809151691519915219157191612916159162291796
74007
75267
92079
92169
91945
78260
73083
77126
91867
91940