90652 
 90400 
 90723 
 90895 
 90157 
 91050 
 91046 
 89774 
 79923 
 91130 
 89623 
 77337 
 87678 
 87575 
 86157 
 83889 
 88691 
 89509 
 89962 
 90116 
 90269 
 89948 
 89527 
 88580 
 74585 
 74658 
 74679 
 75392 
 75591 
 75813 
 75860 
 76280 
 76284 
 76360 
 76662 
 76670 
 77379 
 78879 
 78929 
 79006 
 79014 
 79045 
 79388 
 79677 
 79826 
 80738 
 80754 
 81218 
 81547 
 81623 
 81750 
 82391 
 83252 
 83274 
 83289 
 83335 
 83364 
 83665 
 83929 
 84071 
 84214 
 84496 
 84497 
 84630 
 84684 
 84856 
 85033 
 85048 
 85086 
 85229 
 85283 
 85395 
 85789 
 85874 
 86098 
 86099 
 86358 
 86416 
 86789 
 86862 
 87709 
 88003 
 88023 
 88197 
 88677 
 88813 
 91178 
 81974 
 82043 
 82133 
 82180 
 75078 
 75318 
 76204 
 75973 
 77868 
 77936 
 78509 
 78782 
 78818 
 73501 
 73742 
 74900 
 76047 
 76208 
 76211 
 76267 
 76288 
 76546 
 77198 
 77253 
 77831 
 77932 
 78786 
 78939 
 79299 
 79730 
 80431 
 81890 
 81905 
 82041 
 82444 
 82517 
 82524 
 82736 
 82857 
 83253 
 83257 
 91590 
 91598 
 91619 

72509
72598
92001
91863
72255
72209
72363
91936
72861
92080
72715